<?xml version="1.0" encoding="UTF-8" standalone="no"?>
<!DOCTYPE svg PUBLIC "-//W3C//DTD SVG 20010904//EN"
              "http://www.w3.org/TR/2001/REC-SVG-20010904/DTD/svg10.dtd">

<svg xmlns="http://www.w3.org/2000/svg"
     width="115.655mm" height="65.0241mm"
     viewBox="0 0 1366 768">
  <path id="ROI"
        fill="none" stroke="black" stroke-width="1"
        d="M 292.00,62.00
           C 292.00,62.00 180.00,621.00 180.00,621.00
             180.00,621.00 221.00,622.00 221.00,622.00
             221.00,622.00 381.00,624.00 381.00,624.00
             381.00,624.00 427.00,623.00 427.00,623.00
             427.00,623.00 596.00,621.00 596.00,621.00
             596.00,621.00 650.00,623.00 650.00,623.00
             650.00,623.00 534.00,254.00 534.00,254.00
             534.00,254.00 890.00,164.00 890.00,164.00
             890.00,164.00 1238.00,64.00 1238.00,64.00
             1238.00,64.00 821.00,625.00 821.00,625.00
             821.00,625.00 861.00,623.00 861.00,623.00
             861.00,623.00 1025.00,626.00 1025.00,626.00
             1025.00,626.00 1070.00,624.00 1070.00,624.00
             1070.00,624.00 1233.00,625.00 1233.00,625.00
             1233.00,625.00 1287.00,623.00 1287.00,623.00" />
</svg>
